37.028037383177569 0.042105263157894736
37.140186915887853 0.04912280701754386
37.261682242990652 0.062280701754385964
37.383177570093459 0.07192982456140351
37.504672897196265 0.085087719298245615
37.626168224299064 0.10000000000000001
37.747663551401871 0.11403508771929824
37.86915887850467 0.13771929824561405
37.981308411214954 0.15701754385964911
38.10280373831776 0.17894736842105263
38.22429906542056 0.20350877192982456
38.345794392523366 0.22280701754385965
38.457943925233643 0.24035087719298245
38.579439252336449 0.25350877192982457
38.700934579439249 0.26315789473684209
38.822429906542055 0.26491228070175438
38.953271028037385 0.26052631578947366
39.056074766355138 0.25087719298245614
39.177570093457945 0.23859649122807017
39.289719626168221 0.22105263157894736
39.411214953271028 0.20877192982456141
39.532710280373834 0.19736842105263158
39.654205607476634 0.18859649122807018
39.766355140186917 0.17894736842105263
39.887850467289717 0.16929824561403509
40 0.16052631578947368
40.121495327102807 0.15350877192982457
40.242990654205606 0.14736842105263157
40.355140186915889 0.14035087719298245
40.476635514018689 0.1368421052631579
40.588785046728972 0.1280701754385965
40.719626168224302 0.12982456140350876
40.831775700934578 0.12368421052631579
40.953271028037385 0.12368421052631579
41.037383177570092 0.11929824561403508
41.196261682242991 0.11754385964912281
41.317757009345797 0.10964912280701754
41.429906542056074 0.10789473684210527
41.55140186915888 0.10964912280701754
41.663551401869157 0.10350877192982456
41.785046728971963 0.10087719298245613
41.89719626168224 0.10263157894736842
42.018691588785046 0.10350877192982456
42.140186915887853 0.10087719298245613
42.252336448598129 0.097368421052631576
42.383177570093459 0.093859649122807018
42.495327102803742 0.088596491228070173
42.607476635514018 0.086842105263157901
42.728971962616825 0.089473684210526316
42.850467289719624 0.084210526315789472
42.971962616822431 0.086842105263157901
43.084112149532707 0.085964912280701758
43.205607476635514 0.080701754385964913
43.32710280373832 0.0824561403508772
43.44859813084112 0.080701754385964913
43.570093457943926 0.078070175438596498
43.682242990654203 0.074561403508771926
43.794392523364486 0.07192982456140351
43.915887850467293 0.071052631578947367
44.028037383177569 0.070175438596491224
44.149532710280376 0.068421052631578952
44.280373831775698 0.06491228070175438
44.392523364485982 0.060526315789473685
44.514018691588788 0.05701754385964912
44.626168224299064 0.057894736842105263
44.747663551401871 0.05526315789473684
44.86915887850467 0.053508771929824561
44.990654205607477 0.053508771929824561
45.10280373831776 0.050000000000000003
45.22429906542056 0.050000000000000003
45.345794392523366 0.04912280701754386
45.467289719626166 0.048245614035087717
45.588785046728972 0.04736842105263158
45.700934579439249 0.045614035087719301
45.822429906542055 0.043859649122807015
45.943925233644862 0.042982456140350879
46.065420560747661 0.042982456140350879
46.177570093457945 0.042105263157894736
46.299065420560751 0.039473684210526314
46.420560747663551 0.036842105263157891
46.542056074766357 0.034210526315789476
46.663551401869157 0.03245614035087719
46.77570093457944 0.028947368421052631
46.887850467289724 0.028947368421052631
47.018691588785046 0.028070175438596492
