37.084112149532707 0
37.261682242990652 0.00087719298245614037
37.336448598130843 -0.0035087719298245615
37.457943925233643 -0.0017543859649122807
37.579439252336449 -0.002631578947368421
37.691588785046726 -0.0017543859649122807
37.813084112149532 -0.0017543859649122807
37.934579439252339 -0.0017543859649122807
38.046728971962615 -0.00087719298245614037
38.168224299065422 -0.00087719298245614037
38.289719626168221 0
38.401869158878505 0.00087719298245614037
38.523364485981311 0.0017543859649122807
38.644859813084111 0.0017543859649122807
38.757009345794394 0.0017543859649122807
38.878504672897193 0.0017543859649122807
39 0.0017543859649122807
39.121495327102807 0.0017543859649122807
39.242990654205606 0.0017543859649122807
39.355140186915889 0.0035087719298245615
39.476635514018689 0.0070175438596491229
39.588785046728972 0.0078947368421052634
39.710280373831779 0.0096491228070175444
39.831775700934578 0.011403508771929825
39.953271028037385 0.014912280701754385
40.074766355140184 0.016666666666666666
40.186915887850468 0.022807017543859651
40.308411214953274 0.029824561403508771
40.420560747663551 0.037719298245614034
40.542056074766357 0.046491228070175437
40.663551401869157 0.05701754385964912
40.785046728971963 0.074561403508771926
40.90654205607477 0.093859649122807018
41.037383177570092 0.11842105263157894
41.149532710280376 0.14649122807017545
41.261682242990652 0.18245614035087721
41.373831775700936 0.21929824561403508
41.495327102803742 0.25
41.616822429906541 0.2807017543859649
41.728971962616825 0.28859649122807018
41.859813084112147 0.28596491228070176
41.981308411214954 0.27280701754385966
42.09345794392523 0.25350877192982457
42.205607476635514 0.23245614035087719
42.336448598130843 0.2131578947368421
42.44859813084112 0.19473684210526315
42.560747663551403 0.17894736842105263
42.682242990654203 0.16315789473684211
42.803738317757009 0.156140350877193
42.925233644859816 0.14736842105263157
43.037383177570092 0.14122807017543859
43.149532710280376 0.13596491228070176
43.271028037383175 0.1307017543859649
43.383177570093459 0.12719298245614036
43.504672897196258 0.12719298245614036
43.626168224299064 0.12456140350877193
43.747663551401871 0.12280701754385964
43.86915887850467 0.12192982456140351
43.981308411214954 0.11929824561403508
44.10280373831776 0.11666666666666667
44.22429906542056 0.11228070175438597
44.345794392523366 0.11228070175438597
44.467289719626166 0.11228070175438597
44.579439252336449 0.11052631578947368
44.691588785046733 0.10964912280701754
44.813084112149532 0.10964912280701754
44.934579439252339 0.10701754385964912
45.065420560747661 0.10701754385964912
45.177570093457945 0.10526315789473684
45.299065420560751 0.10263157894736842
45.411214953271028 0.10263157894736842
45.532710280373834 0.10175438596491228
45.644859813084111 0.098245614035087719
45.766355140186917 0.096491228070175433
45.887850467289724 0.095614035087719304
46.009345794392523 0.092982456140350875
46.13084112149533 0.092105263157894732
46.252336448598129 0.090350877192982459
46.373831775700936 0.08771929824561403
46.485981308411212 0.085964912280701758
46.607476635514018 0.084210526315789472
46.728971962616825 0.081578947368421056
46.841121495327101 0.080701754385964913
46.962616822429908 0.077192982456140355
