5 0.002976190476190476
5.4958677685950414 0.0017857142857142857
5.9917355371900829 0.0011904761904761906
6.4049586776859506 0.0035714285714285713
7.0247933884297522 0.0023809523809523812
7.2314049586776861 0.0053571428571428572
7.6033057851239665 0.0047619047619047623
8.0165289256198342 0.0083333333333333332
8.5123966942148765 0.010714285714285714
8.8429752066115697 0.017857142857142856
9.3801652892561975 0.023214285714285715
9.6694214876033051 0.029166666666666667
9.8760330578512399 0.036309523809523812
10.082644628099175 0.043452380952380951
10.24793388429752 0.047023809523809523
10.454545454545455 0.054166666666666669
10.743801652892561 0.0625
10.867768595041323 0.073214285714285718
11.033057851239668 0.079761904761904756
11.15702479338843 0.083333333333333329
11.239669421487603 0.091071428571428567
11.363636363636363 0.097023809523809526
11.487603305785125 0.10178571428571428
11.652892561983471 0.1113095238095238
11.694214876033058 0.11726190476190476
11.859504132231404 0.12559523809523809
11.942148760330578 0.13214285714285715
12.066115702479339 0.14226190476190476
12.190082644628099 0.14880952380952381
12.314049586776861 0.15654761904761905
12.438016528925619 0.16428571428571428
12.520661157024794 0.17023809523809524
12.644628099173554 0.1761904761904762
12.892561983471076 0.18333333333333332
12.933884297520661 0.18690476190476191
13.057851239669422 0.19285714285714287
13.305785123966942 0.1982142857142857
13.553719008264464 0.2011904761904762
13.84297520661157 0.19940476190476192
14.049586776859504 0.19404761904761905
14.256198347107439 0.18809523809523809
14.297520661157025 0.18035714285714285
14.462809917355372 0.1761904761904762
14.504132231404959 0.16726190476190475
14.669421487603307 0.15952380952380951
14.793388429752067 0.15357142857142858
14.917355371900827 0.14702380952380953
15.041322314049587 0.13690476190476192
15.165289256198347 0.12857142857142856
15.289256198347108 0.12202380952380952
15.37190082644628 0.11488095238095238
15.495867768595042 0.10535714285714286
15.661157024793388 0.10000000000000001
15.743801652892563 0.093452380952380953
15.867768595041323 0.086904761904761901
15.950413223140496 0.080952380952380956
16.074380165289256 0.073809523809523811
16.239669421487605 0.066071428571428573
16.446280991735538 0.060119047619047621
16.652892561983471 0.052976190476190475
16.859504132231407 0.047023809523809523
16.900826446280995 0.043452380952380951
17.107438016528924 0.037499999999999999
17.272727272727273 0.030952380952380953
17.396694214876035 0.023809523809523808
17.727272727272727 0.019642857142857142
18.140495867768596 0.017857142857142856
18.388429752066116 0.011309523809523809
18.760330578512395 0.0059523809523809521
19.297520661157023 0.0035714285714285713
19.75206611570248 0
20.24793388429752 -0.0011904761904761906
20.619834710743802 -0.0035714285714285713
21.033057851239668 -0.0035714285714285713
21.404958677685951 -0.0035714285714285713
21.983471074380166 -0.0041666666666666666
22.355371900826448 -0.0023809523809523812
22.644628099173556 -0.0065476190476190478
23.099173553719009 -0.0023809523809523812
23.429752066115704 -0.0011904761904761906
23.801652892561982 -0.0011904761904761906
24.214876033057852 0.00059523809523809529
24.834710743801654 0.0035714285714285713
25.495867768595041 0.00059523809523809529
25.90909090909091 0.0047619047619047623
26.115702479338843 0
26.735537190082646 0.0053571428571428572
27.190082644628099 0.0011904761904761906
27.768595041322314 0.0041666666666666666
28.016528925619834 0.0011904761904761906
28.471074380165291 0.002976190476190476
28.925619834710744 0.0017857142857142857
29.504132231404959 -0.0017857142857142857
29.917355371900829 0.0011904761904761906
30.123966942148762 -0.0017857142857142857
30.66115702479339 0
31.198347107438018 0.0011904761904761906
31.859504132231407 0
32.52066115702479 0.0017857142857142857
32.97520661157025 0.002976190476190476
33.429752066115704 0.0011904761904761906
33.719008264462815 0.0035714285714285713
34.338842975206617 0.00059523809523809529
34.710743801652896 -0.002976190476190476
35.413223140495873 -0.00059523809523809529
36.074380165289256 -0.0011904761904761906
36.528925619834709 0.0017857142857142857
36.900826446280988 -0.0011904761904761906
37.438016528925623 0.0017857142857142857
37.933884297520663 0.002976190476190476
38.347107438016529 -0.00059523809523809529
38.595041322314053 0.0053571428571428572
39.132231404958681 0.0011904761904761906
39.380165289256198 0.0047619047619047623
39.586776859504134 0.00059523809523809529
39.958677685950413 0.002976190476190476
40.330578512396698 0
40.66115702479339 0.002976190476190476
41.198347107438018 0.0011904761904761906
41.487603305785122 -0.00059523809523809529
41.81818181818182 -0.0023809523809523812
42.148760330578511 0.00059523809523809529
42.47933884297521 -0.0017857142857142857
43.057851239669425 0.00059523809523809529
43.84297520661157 0.00059523809523809529
44.214876033057855 0.002976190476190476
44.586776859504134 0.00059523809523809529
44.876033057851238 0.0035714285714285713
