36.990654205607477 0
37.09345794392523 0
37.205607476635514 0
37.32710280373832 -0.005263157894736842
37.44859813084112 -0.0035087719298245615
37.560747663551403 -0.0035087719298245615
37.691588785046726 -0.0035087719298245615
37.813084112149532 -0.002631578947368421
37.934579439252339 -0.002631578947368421
38.046728971962615 -0.002631578947368421
38.168224299065422 -0.002631578947368421
38.289719626168221 -0.00087719298245614037
38.401869158878505 -0.00087719298245614037
38.523364485981311 0
38.644859813084111 -0.0017543859649122807
38.766355140186917 -0.00087719298245614037
38.878504672897193 -0.00087719298245614037
39 0
39.13084112149533 -0.00087719298245614037
39.252336448598129 -0.002631578947368421
39.355140186915889 0.002631578947368421
39.532710280373834 -0.0043859649122807015
39.644859813084111 -0.0017543859649122807
39.77570093457944 0
39.89719626168224 -0.002631578947368421
40.009345794392523 -0.002631578947368421
40.10280373831776 -0.0017543859649122807
40.196261682242991 0
40.299065420560751 0.0017543859649122807
40.392523364485982 0
40.495327102803742 0
40.588785046728972 0.00087719298245614037
40.682242990654203 0.00087719298245614037
40.785046728971963 0.00087719298245614037
40.86915887850467 0.00087719298245614037
40.971962616822431 0.0017543859649122807
41.084112149532707 -0.002631578947368421
41.205607476635514 -0.002631578947368421
41.289719626168221 -0.0035087719298245615
41.383177570093459 -0.005263157894736842
41.485981308411212 -0.005263157894736842
41.579439252336449 0.002631578947368421
41.67289719626168 -0.0035087719298245615
41.77570093457944 0.002631578947368421
41.850467289719624 -0.0035087719298245615
41.962616822429908 -0.002631578947368421
42.056074766355138 0.0043859649122807015
42.158878504672899 0.002631578947368421
42.252336448598129 -0.0043859649122807015
42.336448598130843 0.0043859649122807015
42.439252336448597 0.0043859649122807015
42.532710280373834 -0.0035087719298245615
42.626168224299064 0.005263157894736842
42.719626168224302 0.0017543859649122807
42.813084112149532 0.0017543859649122807
42.915887850467293 0.0035087719298245615
43.018691588785046 0.005263157894736842
43.112149532710276 0.0096491228070175444
43.205607476635514 0.014035087719298246
43.299065420560751 0.018421052631578946
43.392523364485982 0.025438596491228069
43.485981308411212 0.035087719298245612
43.579439252336449 0.046491228070175437
43.67289719626168 0.06403508771929825
43.766355140186917 0.085087719298245615
43.803738317757009 0.10350877192982456
43.859813084112147 0.12280701754385964
43.971962616822431 0.15526315789473685
44.056074766355138 0.20789473684210527
44.149532710280376 0.2982456140350877
44.242990654205606 0.34912280701754383
44.345794392523366 0.33596491228070174
44.439252336448597 0.31052631578947371
44.532710280373834 0.28947368421052633
44.635514018691588 0.26315789473684209
44.719626168224302 0.23333333333333334
44.813084112149532 0.21228070175438596
44.90654205607477 0.19298245614035087
45.009345794392523 0.17894736842105263
45.10280373831776 0.16842105263157894
45.196261682242991 0.15701754385964911
45.289719626168221 0.15087719298245614
45.383177570093459 0.14473684210526316
45.485981308411212 0.13947368421052631
45.570093457943926 0.13245614035087719
45.67289719626168 0.13245614035087719
45.77570093457944 0.12982456140350876
45.859813084112147 0.12719298245614036
45.962616822429908 0.12719298245614036
46.056074766355138 0.12543859649122807
46.149532710280376 0.12368421052631579
46.252336448598129 0.12280701754385964
46.336448598130843 0.12192982456140351
46.429906542056074 0.12192982456140351
46.532710280373834 0.12280701754385964
46.616822429906541 0.11929824561403508
46.719626168224295 0.11842105263157894
46.813084112149532 0.11754385964912281
46.915887850467286 0.11842105263157894
47.009345794392523 0.11228070175438597
