5.3229 0.002071
5.7534 0.002698
6.435 0.001469
6.7937 0.002094
7.3318 0.004582
7.4036 0.005203
7.6188 0.005826
7.9058 0.00707
8.157 0.008933
8.4439 0.011417
8.6592 0.015139
8.9462 0.018863
9.5561 0.023831
9.843 0.030654
9.9865 0.036234
10.2018 0.042436
10.2897 0.048383
10.578 0.053902
10.6357 0.061256
10.8375 0.072748
11.097 0.077807
11.2124 0.08608
11.3565 0.089299
11.5007 0.098952
11.6737 0.111362
11.7602 0.119176
11.962 0.127451
12.1638 0.143078
12.1927 0.149972
12.3656 0.157327
12.4521 0.164222
12.654 0.171578
12.8846 0.180313
12.9135 0.186287
13.0865 0.192724
13.173 0.19778
13.3748 0.200081
13.6054 0.200084
13.7208 0.198248
13.8073 0.196871
13.8649 0.193195
14.0956 0.191361
14.2974 0.185849
14.3551 0.178038
14.6146 0.172987
14.6434 0.171432
14.7299 0.158283
14.9317 0.153231
15.0182 0.14588
15.1624 0.136691
15.3065 0.127503
15.3354 0.12015
15.5084 0.104069
15.566 0.111882
15.6525 0.099935
15.8832 0.091667
15.9985 0.086154
16.085 0.080182
16.258 0.072832
16.3733 0.064102
16.6328 0.056294
16.8347 0.049863
16.9788 0.044351
17.0942 0.034702
17.3536 0.029651
17.4401 0.024138
17.6708 0.019087
17.9303 0.017253
18.1033 0.016796
18.3051 0.013122
18.4204 0.010827
18.7088 0.008074
19.1124 0.003485
19.4584 0.00349
20.0351 0.000742
20.1792 -0.002013
20.6694 -0.002006
21.3613 -0.003833
22.1975 -0.00382
22.7165 -0.002893
23.2643 -0.002425
23.8986 -0.001037
24.7347 0.001734
25.196 0.003119
25.6285 0.003126
26.061 0.004052
26.926 0.003146
27.5026 0.003155
27.9063 0.003161
28.8289 0.004554
29.4056 0.001346
29.7804 -0.000486
30.1552 -0.001399
30.6742 0.000447
31.3373 -0.001381
31.9428 -0.001372
32.433 -0.000904
32.6636 0.000478
33.4998 -0.000428
33.5863 -0.000427
34.1052 0.002798
34.4512 -0.000414
34.7972 -0.002246
35.6622 6.5e-05
36.3542 -0.000384
36.7866 -0.000377
37.594 0.001933
37.8823 0.002397
39.0356 0.002874
39.6699 0.004263
40.0447 0.003809
40.4772 0.003816
41.025 0.002905
41.7746 -0.00076
42.2648 -0.001671
43.0433 0.000179
43.2451 0.001101
43.6776 0.001568
43.9659 0.001572
44.6002 0.00296
