37.01663 0.04154
37.15813 0.04985
37.2548 0.06108
37.38986 0.07227
37.49286 0.08532
37.62796 0.09837
37.74391 0.11609
37.87922 0.13847
37.98881 0.15898
38.09836 0.17763
38.22738 0.2056
38.3369 0.22332
38.45929 0.24197
38.58159 0.25688
38.70373 0.26434
38.81292 0.26714
38.94123 0.26341
39.05653 0.25222
39.17822 0.2401
39.28698 0.22332
39.41507 0.21026
39.51111 0.19907
39.63929 0.18975
39.74182 0.18136
39.87633 0.1683
39.99173 0.16178
40.11993 0.15339
40.22254 0.14872
40.34432 0.14033
40.46623 0.13753
40.58157 0.12821
40.7036 0.13101
40.80618 0.12541
40.92169 0.12355
41.02436 0.12168
41.17199 0.12075
41.29371 0.10956
41.46057 0.1077
41.51841 0.11049
41.64019 0.1021
41.7493 0.10117
41.87773 0.10304
41.99967 0.1021
42.09597 0.1021
42.35902 0.09558
42.46794 0.08625
42.58995 0.08812
42.69912 0.08998
42.79533 0.08625
42.93013 0.08625
43.05215 0.08812
43.16757 0.08252
43.2896 0.08532
43.40505 0.08066
43.50776 0.08066
43.62962 0.076
43.73869 0.0732
43.8799 0.07227
43.98261 0.07227
44.09811 0.0704
44.23926 0.06667
44.3675 0.06014
44.46373 0.05735
44.56646 0.05828
44.68839 0.05641
44.82315 0.05455
44.93868 0.05362
