37.38175 0.00415
37.49525 0.00553
37.62414 0.00208
37.75316 0.00692
37.85117 0.00692
37.98016 0.00968
38.10913 0.01107
38.2123 0.01245
38.33099 0.01591
38.47024 0.01522
38.57348 0.02075
38.69734 0.0249
38.81605 0.03043
38.92962 0.03666
39.04837 0.04496
39.16198 0.05395
39.27045 0.06433
39.40477 0.07885
39.51334 0.09615
39.64263 0.11897
39.75126 0.14042
39.8755 0.17085
39.99453 0.19783
40.11355 0.22411
40.22747 0.25385
40.35151 0.27115
40.45993 0.27806
40.58379 0.28221
40.69712 0.27253
40.81036 0.25662
40.92358 0.23933
41.0419 0.21789
41.17066 0.20543
41.28908 0.19091
41.41269 0.17846
41.50535 0.16601
41.63421 0.15978
41.75265 0.14733
41.88673 0.14526
41.99493 0.13696
42.11354 0.13557
42.22694 0.13073
42.35588 0.13004
42.46934 0.12866
42.58266 0.11828
42.69619 0.12243
42.82508 0.11828
42.94373 0.11897
43.05714 0.11482
43.17577 0.11482
43.284 0.1086
43.40267 0.11136
43.5316 0.10998
43.65018 0.10652
43.75851 0.10721
43.88741 0.10375
43.99053 0.10099
44.10403 0.10306
44.22774 0.09753
44.36188 0.0996
44.48043 0.09407
44.58361 0.09545
44.69709 0.09545
44.81558 0.08577
44.91881 0.09061
