39.61486 0.00783
39.72829 0.00923
39.83141 0.01062
39.95512 0.0134
40.07877 0.01825
40.18178 0.0231
40.30535 0.03072
40.4186 0.03834
40.54724 0.04873
40.66559 0.05842
40.77855 0.07572
40.90175 0.09579
41.01963 0.12139
41.12715 0.14838
41.24986 0.18505
41.34159 0.2231
41.46966 0.25286
41.58737 0.28399
41.69027 0.29299
41.82957 0.29162
41.94868 0.27572
42.05243 0.25567
42.18195 0.23632
42.29085 0.21627
42.39456 0.1976
42.52398 0.1817
42.65338 0.1665
42.75672 0.16028
42.88082 0.14992
43.00993 0.14439
43.12872 0.13887
43.24748 0.13473
43.35592 0.13059
43.47975 0.12922
43.58813 0.12715
43.69643 0.12785
43.82032 0.1244
43.95444 0.12372
44.06798 0.12166
44.17648 0.11544
44.30025 0.11615
44.42924 0.11477
44.54789 0.11409
44.66137 0.1141
44.76971 0.11342
44.89354 0.11205
