37.084112149532707 0
37.261682242990652 0.00087719298245614037
37.373831775700936 0.002631578947368421
37.504672897196265 0.005263157894736842
37.616822429906541 0.002631578947368421
37.738317757009348 0.0070175438596491229
37.859813084112147 0.0078947368421052634
37.971962616822431 0.0096491228070175444
38.09345794392523 0.011403508771929825
38.214953271028037 0.014035087719298246
38.32710280373832 0.016666666666666666
38.44859813084112 0.014035087719298246
38.570093457943926 0.019298245614035089
38.700934579439249 0.02456140350877193
38.813084112149532 0.029824561403508771
38.934579439252339 0.035964912280701755
39.046728971962615 0.043859649122807015
39.177570093457945 0.052631578947368418
39.289719626168221 0.06403508771929825
39.411214953271028 0.078070175438596498
39.523364485981311 0.093859649122807018
39.654205607476634 0.11666666666666667
39.766355140186917 0.14035087719298245
39.89719626168224 0.16842105263157894
40.018691588785046 0.1956140350877193
40.13084112149533 0.22105263157894736
40.252336448598129 0.25087719298245614
40.364485981308412 0.26842105263157895
40.485981308411212 0.27543859649122809
40.598130841121495 0.27807017543859647
40.719626168224302 0.26929824561403509
40.841121495327101 0.25350877192982457
40.953271028037385 0.23508771929824562
41.074766355140184 0.21491228070175439
41.196261682242991 0.20175438596491227
41.317757009345797 0.18947368421052632
41.429906542056074 0.1763157894736842
41.542056074766357 0.16403508771929826
41.663551401869157 0.15701754385964911
41.785046728971963 0.14473684210526316
41.90654205607477 0.14298245614035088
42.018691588785046 0.13421052631578947
42.140186915887853 0.13333333333333333
42.261682242990652 0.12982456140350876
42.495327102803742 0.12543859649122807
42.607476635514018 0.11666666666666667
42.728971962616825 0.12017543859649123
42.850467289719624 0.11666666666666667
42.971962616822431 0.11578947368421053
43.09345794392523 0.11315789473684211
43.214953271028037 0.11140350877192982
43.32710280373832 0.10701754385964912
43.44859813084112 0.10877192982456141
43.560747663551403 0.10614035087719298
43.67289719626168 0.10263157894736842
43.785046728971963 0.10263157894736842
43.915887850467293 0.10175438596491228
44.028037383177569 0.097368421052631576
44.158878504672899 0.098245614035087719
44.280373831775698 0.095614035087719304
44.401869158878505 0.095614035087719304
44.514018691588788 0.091228070175438603
44.626168224299064 0.092982456140350875
44.747663551401871 0.090350877192982459
44.86915887850467 0.084210526315789472
44.990654205607477 0.08771929824561403
45.112149532710276 0.085087719298245615
45.22429906542056 0.083333333333333329
45.345794392523366 0.078947368421052627
45.467289719626166 0.081578947368421056
45.579439252336449 0.078070175438596498
45.710280373831779 0.075438596491228069
45.822429906542055 0.073684210526315783
45.943925233644862 0.07192982456140351
46.065420560747661 0.069298245614035081
46.177570093457945 0.065789473684210523
46.299065420560751 0.067543859649122809
46.420560747663551 0.063157894736842107
46.542056074766357 0.059649122807017542
46.663551401869157 0.060526315789473685
46.77570093457944 0.059649122807017542
46.89719626168224 0.05701754385964912
47.018691588785046 0.050877192982456139
