36.990654205607477 0
37.084112149532707 0
37.158878504672899 0
37.233644859813083 0
37.308411214953274 0
37.373831775700936 0.00087719298245614037
37.439252336448597 0.0017543859649122807
37.504672897196265 0.0017543859649122807
37.588785046728972 0.0017543859649122807
37.663551401869157 0.0017543859649122807
37.747663551401871 0.002631578947368421
37.813084112149532 0.002631578947368421
37.878504672897193 0.002631578947368421
37.943925233644862 0.002631578947368421
38 0.0017543859649122807
38.074766355140184 0.002631578947368421
38.149532710280376 0.0035087719298245615
38.22429906542056 0.0035087719298245615
38.299065420560751 0.0035087719298245615
38.401869158878505 0.0035087719298245615
38.514018691588788 0.0035087719298245615
38.635514018691588 0.0035087719298245615
38.757009345794394 0.002631578947368421
38.878504672897193 0.002631578947368421
39 0.0035087719298245615
39.112149532710283 0.002631578947368421
39.242990654205606 0.002631578947368421
39.355140186915889 0.0035087719298245615
39.476635514018689 0.0043859649122807015
39.635514018691588 0.0035087719298245615
39.738317757009348 0.0043859649122807015
39.831775700934578 0.0043859649122807015
39.915887850467293 0.0035087719298245615
40.009345794392523 0.0035087719298245615
40.09345794392523 0.005263157894736842
40.196261682242991 0.005263157894736842
40.289719626168221 0.0061403508771929825
40.383177570093459 0.0070175438596491229
40.476635514018689 0.0070175438596491229
40.579439252336449 0.0070175438596491229
40.67289719626168 0.0070175438596491229
40.766355140186917 0.0070175438596491229
40.859813084112147 0.0035087719298245615
40.943925233644862 0.008771929824561403
41.046728971962615 0.0096491228070175444
41.158878504672899 0.0096491228070175444
41.252336448598129 0.0078947368421052634
41.336448598130843 0.0096491228070175444
41.429906542056074 0.014035087719298246
41.532710280373834 0.020175438596491228
41.626168224299064 0.020175438596491228
41.719626168224302 0.028947368421052631
41.822429906542055 0.036842105263157891
41.915887850467293 0.045614035087719301
42 0.054385964912280704
42.10280373831776 0.071052631578947367
42.205607476635514 0.08771929824561403
42.261682242990652 0.10000000000000001
42.299065420560751 0.11228070175438597
42.345794392523366 0.1280701754385965
42.392523364485982 0.14122807017543859
42.485981308411212 0.1763157894736842
42.579439252336449 0.21578947368421053
42.67289719626168 0.25438596491228072
42.766355140186917 0.2982456140350877
42.859813084112147 0.31491228070175437
42.962616822429908 0.30964912280701756
43.065420560747661 0.2868421052631579
43.149532710280376 0.27368421052631581
43.252336448598129 0.25087719298245614
43.336448598130843 0.22719298245614036
43.429906542056074 0.21228070175438596
43.532710280373834 0.19473684210526315
43.626168224299064 0.17982456140350878
43.719626168224302 0.16842105263157894
43.813084112149532 0.15789473684210525
43.90654205607477 0.14649122807017545
43.990654205607477 0.14473684210526316
44.09345794392523 0.14035087719298245
44.186915887850468 0.1368421052631579
44.271028037383175 0.12982456140350876
44.373831775700936 0.1307017543859649
44.457943925233643 0.12456140350877193
44.560747663551403 0.12543859649122807
44.663551401869157 0.12543859649122807
44.757009345794394 0.12543859649122807
44.841121495327101 0.12368421052631579
44.953271028037385 0.12280701754385964
45.056074766355138 0.12192982456140351
45.149532710280376 0.12105263157894737
45.242990654205606 0.12017543859649123
45.317757009345797 0.11754385964912281
45.420560747663551 0.11578947368421053
45.523364485981304 0.11491228070175438
45.616822429906541 0.11140350877192982
45.710280373831779 0.11228070175438597
45.794392523364486 0.11140350877192982
45.90654205607477 0.10964912280701754
46 0.10701754385964912
46.09345794392523 0.10526315789473684
46.186915887850468 0.10789473684210527
46.280373831775705 0.10701754385964912
46.373831775700936 0.10526315789473684
46.476635514018696 0.10350877192982456
46.570093457943926 0.10614035087719298
46.663551401869157 0.10263157894736842
46.757009345794394 0.10350877192982456
46.841121495327101 0.099122807017543862
46.953271028037385 0.094736842105263161
47.037383177570092 0.098245614035087719
