41.05416 0.00899
41.14184 0.00968
41.245 0.01176
41.32237 0.01314
41.42553 0.01729
41.51322 0.02213
41.62669 0.02213
41.6989 0.03182
41.80206 0.04081
41.90006 0.04842
42.00838 0.05949
42.08059 0.07332
42.17344 0.09269
42.25081 0.0996
42.2766 0.11482
42.35912 0.13004
42.38491 0.14387
42.44681 0.18053
42.55513 0.21996
42.65313 0.2587
42.74081 0.30366
42.8285 0.32026
42.92134 0.31403
43.01934 0.2919
43.11734 0.27875
43.21019 0.25662
43.29787 0.23172
43.39072 0.21789
43.49387 0.19713
43.57124 0.1833
43.6744 0.17154
43.76725 0.16117
43.86525 0.15148
43.96325 0.14872
44.06125 0.14457
44.14894 0.13972
44.24178 0.13419
44.35525 0.13281
44.42231 0.12935
44.52547 0.13004
44.61315 0.12935
44.71631 0.12866
44.82463 0.12727
44.91747 0.12589
