37.03862 2.03274e-11
37.14805 0.00094
37.23813 -5.29051e-11
37.35393 -0.00281
37.43767 0.00094
37.5599 -0.00187
37.68224 0.00094
37.79162 -0.00094
37.9203 -0.00281
38.0362 1.49653e-11
38.15205 8.24844e-12
38.28081 0.00187
38.40949 -1.23369e-11
38.51247 8.59248e-12
38.62192 0.00187
38.76351 0.00187
38.87289 2.69994e-12
38.99522 0.00281
39.11747 0.00094
39.19467 -0.00094
39.32986 0.00094
39.46507 0.00374
39.62594 0.00187
39.70966 0.00468
39.83193 0.00374
39.90271 0.00281
40.17302 0.00281
40.30821 0.00468
40.37901 0.00468
40.4691 0.00374
40.57853 0.00468
40.66221 0.00561
40.76515 0.00374
40.86169 0.00374
40.94536 0.00374
41.09336 0.00187
41.19633 0.00187
41.28 0.00187
41.38298 0.00187
41.473 -0.00281
41.5825 0.00187
41.66611 -0.00094
41.74983 0.00187
41.8656 -0.00281
41.93646 0.00094
42.03304 0.00281
42.15532 0.00281
42.22607 1.82569e-12
42.3098 0.00374
42.40636 0.00468
42.51569 1.33268e-12
42.58013 0.00468
42.70884 0.00374
42.77963 0.00374
42.88265 0.00561
42.97922 0.00749
43.06941 0.01217
43.17249 0.01778
43.2691 0.02152
43.35936 0.02995
43.44959 0.0365
43.54635 0.04866
43.64965 0.06644
43.74659 0.08797
43.76622 0.10575
43.83728 0.11979
43.9216 0.15535
44.01276 0.21243
44.11098 0.30414
44.20205 0.35655
44.30477 0.34251
44.41368 0.31537
44.50341 0.29479
44.5866 0.26858
44.69544 0.2377
44.78515 0.21618
44.87489 0.19652
44.97763 0.18342
