2500 0.000096151050974573352633778533515851 0.00126913812500661460185014117740820
3000 0.000066493234326730642127362136406532 0.00088008472361335895583350774629139
3500 0.000048728863263504013938164083352689 0.00064603080217163035611077637199173
4000 0.000037248966944391207921014053106035 0.00049434065494020538143737919511977
4500 0.000029401909125607947353584978311680 0.00039044374959002544223790609478897
5000 0.000023801239408845312498994029049015 0.00031617809328060889843131642251706




