-0.79032258064516125 0.039558823529411764
0 0
0.33870967741935498 0.00014705882352941175
0.80645161290322598 0.0002941176470588235
1.2096774193548385 0.00058823529411764701
1.6774193548387095 0.001176470588235294
2.209677419354839 0.0016176470588235294
2.741935483870968 0.0020588235294117649
3.145161290322581 0.002352941176470588
3.4516129032258061 0.0027941176470588237
3.725806451612903 0.0030882352941176468
3.967741935483871 0.0035294117647058825
4.258064516129032 0.0039705882352941172
4.564516129032258 0.0045588235294117645
4.82258064516129 0.0050000000000000001
5.0483870967741939 0.0054411764705882349
5.274193548387097 0.0058823529411764705
5.4838709677419351 0.0063235294117647061
5.725806451612903 0.0069117647058823534
5.935483870967742 0.0073529411764705881
6.17741935483871 0.0079411764705882345
6.370967741935484 0.0085294117647058826
6.5967741935483879 0.0091176470588235289
6.806451612903226 0.009705882352941177
7 0.010294117647058823
7.241935483870968 0.011029411764705883
7.4838709677419359 0.011764705882352941
7.7096774193548381 0.012500000000000001
7.9838709677419359 0.01338235294117647
8.17741935483871 0.014264705882352941
8.4193548387096779 0.014999999999999999
8.693548387096774 0.015882352941176469
8.9516129032258061 0.016617647058823529
9.17741935483871 0.017352941176470588
9.4032258064516121 0.017941176470588235
9.693548387096774 0.018823529411764704
9.9516129032258061 0.019411764705882354
10.17741935483871 0.02
10.46774193548387 0.020588235294117647
10.709677419354838 0.021029411764705883
10.903225806451612 0.021323529411764706
11.112903225806452 0.02161764705882353
11.32258064516129 0.021911764705882353
11.564516129032258 0.022205882352941176
11.870967741935484 0.022352941176470589
12.209677419354838 0.022499999999999999
12.5 0.022499999999999999
12.82258064516129 0.022499999999999999
13.14516129032258 0.022352941176470589
13.516129032258064 0.022205882352941176
13.85483870967742 0.021764705882352939
14.225806451612904 0.021470588235294116
14.56451612903226 0.021029411764705883
14.822580645161292 0.02088235294117647
15.161290322580644 0.020441176470588237
15.419354838709676 0.02
15.806451612903224 0.019411764705882354
16.06451612903226 0.018970588235294118
16.338709677419356 0.018529411764705881
16.580645161290324 0.018088235294117648
16.79032258064516 0.017647058823529412
17.06451612903226 0.017205882352941175
17.35483870967742 0.016617647058823529
17.612903225806452 0.016176470588235296
17.903225806451612 0.015588235294117648
18.193548387096776 0.015147058823529411
18.451612903225808 0.014558823529411765
18.677419354838708 0.014264705882352941
18.887096774193548 0.013823529411764707
19.096774193548388 0.013529411764705882
19.306451612903224 0.013088235294117647
19.56451612903226 0.012647058823529412
