-2.9867256637168142 0.14999999999999999
0.044247787610618872 0
2.0132743362831853 0
2.6991150442477867 0.00059523809523809529
3.3849557522123881 0.0011904761904761906
4.0707964601769913 0.0017857142857142857
4.5353982300884947 0.0023809523809523812
4.889380530973451 0.002976190476190476
5.2212389380530961 0.0035714285714285713
5.553097345132743 0.0047619047619047623
5.8407079646017692 0.0053571428571428572
6.1725663716814161 0.0071428571428571426
6.4380530973451329 0.0083333333333333332
6.659292035398229 0.0095238095238095247
6.9026548672566364 0.011309523809523809
7.1681415929203531 0.01369047619047619
7.4778761061946888 0.01607142857142857
7.6991150442477867 0.017857142857142856
7.8982300884955752 0.020238095238095239
8.1194690265486713 0.022619047619047618
8.3407079646017692 0.025000000000000001
8.5840707964601766 0.027976190476190477
8.8053097345132727 0.030952380952380953
9.0707964601769895 0.033928571428571426
9.269911504424778 0.036309523809523812
9.4911504424778759 0.038095238095238099
9.712389380530972 0.040476190476190478
9.9336283185840699 0.042261904761904764
10.132743362831857 0.043452380952380951
10.331858407079645 0.044047619047619051
10.530973451327432 0.044642857142857144
10.81858407079646 0.045238095238095237
11.172566371681416 0.045238095238095237
11.504424778761059 0.045238095238095237
11.836283185840706 0.045238095238095237
12.168141592920353 0.044642857142857144
12.477876106194689 0.043452380952380951
12.787610619469024 0.042261904761904764
13.09734513274336 0.041071428571428571
13.407079646017699 0.039285714285714285
13.716814159292035 0.038095238095238099
13.982300884955752 0.036904761904761905
14.225663716814157 0.035714285714285712
14.424778761061944 0.034523809523809526
14.646017699115042 0.033333333333333333
14.86725663716814 0.03214285714285714
15.088495575221238 0.030952380952380953
15.331858407079643 0.02976190476190476
15.575221238938052 0.028571428571428571
15.862831858407077 0.027380952380952381
16.106194690265486 0.025595238095238095
16.349557522123892 0.024404761904761905
16.592920353982301 0.023214285714285715
16.880530973451325 0.021428571428571429
17.146017699115042 0.020833333333333332
17.411504424778759 0.020238095238095239
17.676991150442475 0.019047619047619049
17.920353982300885 0.017857142857142856
18.16371681415929 0.017261904761904763
18.384955752212388 0.01607142857142857
18.606194690265486 0.015476190476190477
18.849557522123892 0.014285714285714285
19.13716814159292 0.01369047619047619
19.380530973451325 0.012500000000000001
19.690265486725661 0.011309523809523809
19.911504424778759 0.010714285714285714
