0.036164597	-6.596154213e-6
0.036164597	-6.596154213e-6
0.036164597	-6.596154213e-6
0.036164597	-6.596154213e-6
0.036164597	-6.596154213e-6
0.066017516	-6.596154213e-6
0.066017516	-6.596154213e-6
0.066017516	-6.596154213e-6
0.066017516	-6.596154213e-6
0.066017516	-6.596154213e-6
0.095870443	-6.596154213e-6
0.095870443	-6.596154213e-6
0.095870443	-6.596154213e-6
0.095870443	-6.596154213e-6
0.095870443	-6.596154213e-6
0.125723362	-6.596154213e-6
0.125723362	-6.596154213e-6
0.125723362	-6.596154213e-6
0.125723362	-6.596154213e-6
0.125723362	-6.596154213e-6
0.155576289	-6.596154213e-6
0.155576289	-6.596154213e-6
0.155576289	-6.596154213e-6
0.155576289	-6.596154213e-6
0.155576289	-6.596154213e-6
0.185429215	-6.596154213e-6
0.185429215	-6.596154213e-6
0.185429215	-6.596154213e-6
0.185429215	-6.596154213e-6
0.185429215	-6.596154213e-6
0.215282127	-6.596154213e-6
0.215282127	-6.596154213e-6
0.215282127	-6.596154213e-6
0.215282127	-6.596154213e-6
0.215282127	-6.596154213e-6
0.245135039	-6.596154213e-6
0.245135039	-6.596154213e-6
0.245135039	-6.596154213e-6
0.245135039	-6.596154213e-6
0.245135039	-6.596154213e-6
0.274987966	-6.596154213e-6
0.274987966	-6.596154213e-6
0.274987966	-6.596154213e-6
0.274987966	-6.596154213e-6
0.274987966	-6.596154213e-6
0.304840893	7.194410324e-5
0.304840893	7.194410324e-5
0.304840893	7.194410324e-5
0.304840893	7.194410324e-5
0.304840893	7.194410324e-5
0.334693819	3.267397165e-5
0.334693819	3.267397165e-5
0.334693819	3.267397165e-5
0.334693819	3.267397165e-5
0.334693819	3.267397165e-5
0.364546746	7.194410324e-5
0.364546746	7.194410324e-5
0.364546746	7.194410324e-5
0.364546746	7.194410324e-5
0.364546746	7.194410324e-5
0.394399673	7.194410324e-5
0.394399673	7.194410324e-5
0.394399673	7.194410324e-5
0.394399673	7.194410324e-5
0.394399673	7.194410324e-5
0.424252570	7.194410324e-5
0.424252570	7.194410324e-5
0.424252570	7.194410324e-5
0.424252570	7.194410324e-5
0.424252570	7.194410324e-5
0.454105496	7.194410324e-5
0.454105496	7.194410324e-5
0.454105496	7.194410324e-5
0.454105496	7.194410324e-5
0.454105496	7.194410324e-5
0.483958393	0.000111214
0.483958393	0.000111214
0.483958393	0.000111214
0.483958393	0.000111214
0.483958393	0.000111214
0.513811350	0.000111214
0.513811350	0.000111214
0.513811350	0.000111214
0.513811350	0.000111214
0.513811350	0.000111214
0.543664277	0.000111214
0.543664277	0.000111214
0.543664277	0.000111214
0.543664277	0.000111214
0.543664277	0.000111214
0.573517203	0.000111214
0.573517203	0.000111214
0.573517203	0.000111214
0.573517203	0.000111214
0.573517203	0.000111214
0.603370130	7.194410324e-5
0.603370130	7.194410324e-5
0.603370130	7.194410324e-5
0.603370130	7.194410324e-5
0.603370130	7.194410324e-5
0.633223057	7.194410324e-5
0.633223057	7.194410324e-5
0.633223057	7.194410324e-5
0.633223057	7.194410324e-5
0.633223057	7.194410324e-5
0.663075924	7.194410324e-5
0.663075924	7.194410324e-5
0.663075924	7.194410324e-5
0.663075924	7.194410324e-5
0.663075924	7.194410324e-5
0.692928851	7.194410324e-5
0.692928851	7.194410324e-5
0.692928851	7.194410324e-5
0.692928851	7.194410324e-5
0.692928851	7.194410324e-5
0.722781777	3.267397165e-5
0.722781777	3.267397165e-5
0.722781777	3.267397165e-5
0.722781777	3.267397165e-5
0.722781777	3.267397165e-5
0.752634704	3.267397165e-5
0.752634704	3.267397165e-5
0.752634704	3.267397165e-5
0.752634704	3.267397165e-5
0.752634704	3.267397165e-5
0.782487631	3.267397165e-5
0.782487631	3.267397165e-5
0.782487631	3.267397165e-5
0.782487631	3.267397165e-5
0.782487631	3.267397165e-5
0.812340558	3.267397165e-5
0.812340558	3.267397165e-5
0.812340558	3.267397165e-5
0.812340558	3.267397165e-5
0.812340558	3.267397165e-5
0.842193484	3.267397165e-5
0.842193484	3.267397165e-5
0.842193484	3.267397165e-5
0.842193484	3.267397165e-5
0.842193484	3.267397165e-5
0.872046411	3.267397165e-5
0.872046411	3.267397165e-5
0.872046411	3.267397165e-5
0.872046411	3.267397165e-5
0.872046411	3.267397165e-5
0.901899338	3.267397165e-5
0.901899338	3.267397165e-5
0.901899338	3.267397165e-5
0.901899338	3.267397165e-5
0.901899338	3.267397165e-5
0.931752264	3.267397165e-5
0.931752264	3.267397165e-5
0.931752264	3.267397165e-5
0.931752264	3.267397165e-5
0.931752264	3.267397165e-5
0.961605132	3.267397165e-5
0.961605132	3.267397165e-5
0.961605132	3.267397165e-5
0.961605132	3.267397165e-5
0.961605132	3.267397165e-5
0.991458118	3.267397165e-5
0.991458118	3.267397165e-5
0.991458118	3.267397165e-5
0.991458118	3.267397165e-5
0.991458118	3.267397165e-5
1.021311045	7.194410324e-5
1.021311045	7.194410324e-5
1.021311045	7.194410324e-5
1.021311045	7.194410324e-5
1.021311045	7.194410324e-5
1.051163912	7.194410324e-5
1.051163912	7.194410324e-5
1.051163912	7.194410324e-5
1.051163912	7.194410324e-5
1.051163912	7.194410324e-5
1.081016898	0.000111214
1.081016898	0.000111214
1.081016898	0.000111214
1.081016898	0.000111214
1.081016898	0.000111214
1.110869884	0.000111214
1.110869884	0.000111214
1.110869884	0.000111214
1.110869884	0.000111214
1.110869884	0.000111214
1.140722752	0.000111214
1.140722752	0.000111214
1.140722752	0.000111214
1.140722752	0.000111214
1.140722752	0.000111214
1.170575619	0.000111214
1.170575619	0.000111214
1.170575619	0.000111214
1.170575619	0.000111214
1.170575619	0.000111214
1.200428605	7.194410324e-5
1.200428605	7.194410324e-5
1.200428605	7.194410324e-5
1.200428605	7.194410324e-5
1.200428605	7.194410324e-5
1.230281472	7.194410324e-5
1.230281472	7.194410324e-5
1.230281472	7.194410324e-5
1.230281472	7.194410324e-5
1.230281472	7.194410324e-5
1.260134459	7.194410324e-5
1.260134459	7.194410324e-5
1.260134459	7.194410324e-5
1.260134459	7.194410324e-5
1.260134459	7.194410324e-5
1.289987326	0.000150484
1.289987326	0.000150484
1.289987326	0.000150484
1.289987326	0.000150484
1.289987326	0.000150484
1.319840312	3.267397165e-5
1.319840312	3.267397165e-5
1.319840312	3.267397165e-5
1.319840312	3.267397165e-5
1.319840312	3.267397165e-5
1.349693179	0.000111214
1.349693179	0.000111214
1.349693179	0.000111214
1.349693179	0.000111214
1.349693179	0.000111214
1.379546046	0.000111214
1.379546046	0.000111214
1.379546046	0.000111214
1.379546046	0.000111214
1.379546046	0.000111214
1.409399033	0.000111214
1.409399033	0.000111214
1.409399033	0.000111214
1.409399033	0.000111214
1.409399033	0.000111214
1.439251900	0.000111214
1.439251900	0.000111214
1.439251900	0.000111214
1.439251900	0.000111214
1.439251900	0.000111214
1.469104886	7.194410324e-5
1.469104886	7.194410324e-5
1.469104886	7.194410324e-5
1.469104886	7.194410324e-5
1.469104886	7.194410324e-5
1.498957753	7.194410324e-5
1.498957753	7.194410324e-5
1.498957753	7.194410324e-5
1.498957753	7.194410324e-5
1.498957753	7.194410324e-5
1.528810740	7.194410324e-5
1.528810740	7.194410324e-5
1.528810740	7.194410324e-5
1.528810740	7.194410324e-5
1.528810740	7.194410324e-5
1.558663607	7.194410324e-5
1.558663607	7.194410324e-5
1.558663607	7.194410324e-5
1.558663607	7.194410324e-5
1.558663607	7.194410324e-5
1.588516474	7.194410324e-5
1.588516474	7.194410324e-5
1.588516474	7.194410324e-5
1.588516474	7.194410324e-5
1.588516474	7.194410324e-5
1.618369460	7.194410324e-5
1.618369460	7.194410324e-5
1.618369460	7.194410324e-5
1.618369460	7.194410324e-5
1.618369460	7.194410324e-5
1.648222327	7.194410324e-5
1.648222327	7.194410324e-5
1.648222327	7.194410324e-5
1.648222327	7.194410324e-5
1.648222327	7.194410324e-5
1.678075314	0.000111214
1.678075314	0.000111214
1.678075314	0.000111214
1.678075314	0.000111214
1.678075314	0.000111214
1.707928181	0.000111214
1.707928181	0.000111214
1.707928181	0.000111214
1.707928181	0.000111214
1.707928181	0.000111214
1.737781048	0.000111214
1.737781048	0.000111214
1.737781048	0.000111214
1.737781048	0.000111214
1.737781048	0.000111214
1.767634034	7.194410324e-5
1.767634034	7.194410324e-5
1.767634034	7.194410324e-5
1.767634034	7.194410324e-5
1.767634034	7.194410324e-5
1.797486901	7.194410324e-5
1.797486901	7.194410324e-5
1.797486901	7.194410324e-5
1.797486901	7.194410324e-5
1.797486901	7.194410324e-5
1.827339888	7.194410324e-5
1.827339888	7.194410324e-5
1.827339888	7.194410324e-5
1.827339888	7.194410324e-5
1.827339888	7.194410324e-5
1.857192755	0.000150484
1.857192755	0.000150484
1.857192755	0.000150484
1.857192755	0.000150484
1.857192755	0.000150484
1.887045860	0.000111214
1.887045860	0.000111214
1.887045860	0.000111214
1.887045860	0.000111214
1.887045860	0.000111214
1.916898727	0.000111214
1.916898727	0.000111214
1.916898727	0.000111214
1.916898727	0.000111214
1.916898727	0.000111214
1.946751595	7.194410324e-5
1.946751595	7.194410324e-5
1.946751595	7.194410324e-5
1.946751595	7.194410324e-5
1.946751595	7.194410324e-5
1.976604581	0.000111214
1.976604581	0.000111214
1.976604581	0.000111214
1.976604581	0.000111214
1.976604581	0.000111214
2.006457567	0.000111214
2.006457567	0.000111214
2.006457567	0.000111214
2.006457567	0.000111214
2.006457567	0.000111214
2.036310196	0.000111214
2.036310196	0.000111214
2.036310196	0.000111214
2.036310196	0.000111214
2.036310196	0.000111214
2.066163301	7.194410324e-5
2.066163301	7.194410324e-5
2.066163301	7.194410324e-5
2.066163301	7.194410324e-5
2.066163301	7.194410324e-5
2.096016169	7.194410324e-5
2.096016169	7.194410324e-5
2.096016169	7.194410324e-5
2.096016169	7.194410324e-5
2.096016169	7.194410324e-5
2.125869036	7.194410324e-5
2.125869036	7.194410324e-5
2.125869036	7.194410324e-5
2.125869036	7.194410324e-5
2.125869036	7.194410324e-5
2.155721903	7.194410324e-5
2.155721903	7.194410324e-5
2.155721903	7.194410324e-5
2.155721903	7.194410324e-5
2.155721903	7.194410324e-5
2.185575008	7.194410324e-5
2.185575008	7.194410324e-5
2.185575008	7.194410324e-5
2.185575008	7.194410324e-5
2.185575008	7.194410324e-5
2.215427876	7.194410324e-5
2.215427876	7.194410324e-5
2.215427876	7.194410324e-5
2.215427876	7.194410324e-5
2.215427876	7.194410324e-5
2.245280743	3.267397165e-5
2.245280743	3.267397165e-5
2.245280743	3.267397165e-5
2.245280743	3.267397165e-5
2.245280743	3.267397165e-5
2.275133610	0.000111214
2.275133610	0.000111214
2.275133610	0.000111214
2.275133610	0.000111214
2.275133610	0.000111214
2.304986715	0.000111214
2.304986715	0.000111214
2.304986715	0.000111214
2.304986715	0.000111214
2.304986715	0.000111214
2.334839582	0.000111214
2.334839582	0.000111214
2.334839582	0.000111214
2.334839582	0.000111214
2.334839582	0.000111214
2.364692450	7.194410324e-5
2.364692450	7.194410324e-5
2.364692450	7.194410324e-5
2.364692450	7.194410324e-5
2.364692450	7.194410324e-5
2.394545555	7.194410324e-5
2.394545555	7.194410324e-5
2.394545555	7.194410324e-5
2.394545555	7.194410324e-5
2.394545555	7.194410324e-5
2.424398422	0.000346835
2.424398422	0.000346835
2.424398422	0.000346835
2.424398422	0.000346835
2.454251289	0.000346835
2.454251289	0.000346835
2.454251289	0.000346835
2.454251289	0.000346835
2.484104156	0.000346835
2.484104156	0.000346835
2.484104156	0.000346835
2.484104156	0.000346835
2.513957262	0.000346835
2.513957262	0.000346835
2.513957262	0.000346835
2.513957262	0.000346835
2.543809891	0.000346835
2.543809891	0.000346835
2.543809891	0.000346835
2.543809891	0.000346835
2.573662996	0.000346835
2.573662996	0.000346835
2.573662996	0.000346835
2.573662996	0.000346835
2.603515863	0.000346835
2.603515863	0.000346835
2.603515863	0.000346835
2.603515863	0.000346835
2.633368969	0.000346835
2.633368969	0.000346835
2.633368969	0.000346835
2.633368969	0.000346835
2.663221598	0.000346835
2.663221598	0.000346835
2.663221598	0.000346835
2.663221598	0.000346835
2.693074703	0.000346835
2.693074703	0.000346835
2.693074703	0.000346835
2.693074703	0.000346835
2.722927570	0.000346835
2.722927570	0.000346835
2.722927570	0.000346835
2.722927570	0.000346835
2.752780437	0.000346835
2.752780437	0.000346835
2.752780437	0.000346835
2.752780437	0.000346835
2.782633305	0.000346835
2.782633305	0.000346835
2.782633305	0.000346835
2.782633305	0.000346835
2.812486410	0.000346835
2.812486410	0.000346835
2.812486410	0.000346835
2.812486410	0.000346835
2.842339277	0.000346835
2.842339277	0.000346835
2.842339277	0.000346835
2.842339277	0.000346835
2.872192144	0.000346835
2.872192144	0.000346835
2.872192144	0.000346835
2.872192144	0.000346835
2.902045012	0.000111214
2.902045012	0.000111214
2.902045012	0.000111214
2.902045012	0.000111214
2.931898117	0.000111214
2.931898117	0.000111214
2.931898117	0.000111214
2.931898117	0.000111214
2.961750746	7.194410324e-5
2.961750746	7.194410324e-5
2.961750746	7.194410324e-5
2.961750746	7.194410324e-5
2.991603851	7.194410324e-5
2.991603851	7.194410324e-5
2.991603851	7.194410324e-5
2.991603851	7.194410324e-5
3.021456718	7.194410324e-5
3.021456718	7.194410324e-5
3.021456718	7.194410324e-5
3.021456718	7.194410324e-5
3.051309824	7.194410324e-5
3.051309824	7.194410324e-5
3.051309824	7.194410324e-5
3.051309824	7.194410324e-5
3.081162453	7.194410324e-5
3.081162453	7.194410324e-5
3.081162453	7.194410324e-5
3.081162453	7.194410324e-5
3.111015558	7.194410324e-5
3.111015558	7.194410324e-5
3.111015558	7.194410324e-5
3.111015558	7.194410324e-5
3.140868664	0.000111214
3.140868664	0.000111214
3.140868664	0.000111214
3.140868664	0.000111214
3.170721292	0.000111214
3.170721292	0.000111214
3.170721292	0.000111214
3.170721292	0.000111214
3.200574398	0.000111214
3.200574398	0.000111214
3.200574398	0.000111214
3.200574398	0.000111214
3.230427265	7.194410324e-5
3.230427265	7.194410324e-5
3.230427265	7.194410324e-5
3.230427265	7.194410324e-5
3.260280371	7.194410324e-5
3.260280371	7.194410324e-5
3.260280371	7.194410324e-5
3.260280371	7.194410324e-5
3.290132999	0.000150484
3.290132999	0.000150484
3.290132999	0.000150484
3.290132999	0.000150484
3.319986105	0.000111214
3.319986105	0.000111214
3.319986105	0.000111214
3.319986105	0.000111214
3.349838972	0.000346835
3.349838972	0.000346835
3.349838972	0.000346835
3.379691839	0.000346835
3.379691839	0.000346835
3.379691839	0.000346835
3.409544706	0.000346835
3.409544706	0.000346835
3.409544706	0.000346835
3.439397812	0.000346835
3.439397812	0.000346835
3.439397812	0.000346835
3.469250679	0.000346835
3.469250679	0.000346835
3.469250679	0.000346835
3.499103546	0.000346835
3.499103546	0.000346835
3.499103546	0.000346835
3.528956413	0.000346835
3.528956413	0.000346835
3.528956413	0.000346835
3.558809519	0.000346835
3.558809519	0.000346835
3.558809519	0.000346835
3.588662148	0.000346835
3.588662148	0.000346835
3.588662148	0.000346835
3.618515253	0.000346835
3.618515253	0.000346835
3.618515253	0.000346835
3.648368120	0.000346835
3.648368120	0.000346835
3.648368120	0.000346835
3.678220987	0.000346835
3.678220987	0.000346835
3.678220987	0.000346835
3.708073854	0.000346835
3.708073854	0.000346835
3.708073854	0.000346835
3.737926960	0.000346835
3.737926960	0.000346835
3.737926960	0.000346835
3.767779827	0.000346835
3.767779827	0.000346835
3.767779827	0.000346835
3.797632933	0.000346835
3.797632933	0.000346835
3.797632933	0.000346835
3.827485800	0.000111214
3.827485800	0.000111214
3.827485800	0.000111214
3.857338428	0.000346835
3.857338428	3.267397165e-5
3.887191296	0.000150484
3.887191296	0.000150484
3.917044401	7.194410324e-5
3.917044401	7.194410324e-5
3.946897507	7.194410324e-5
3.946897507	7.194410324e-5
3.976750374	7.194410324e-5
3.976750374	7.194410324e-5
4.006603241	0.000346835
4.036456108	0.000229025
4.066308975	0.000111214
4.096161842	0.000111214
4.126014709	3.267397165e-5
4.155868053	3.267397165e-5
4.185720921	3.267397165e-5
4.215573788	0.000111214
4.245426655	7.194410324e-5
4.275279522	7.194410324e-5
4.305132389	0.000111214
4.334985256	0.000111214
4.364838123	0.000111214
4.394691467	0.000111214
4.424544334	7.194410324e-5
4.454397202	7.194410324e-5
4.484249592	7.194410324e-5
4.514102936	7.194410324e-5
4.543955803	7.194410324e-5
4.573808670	3.267397165e-5
4.603661537	0.000111214
4.633514881	3.267397165e-5
4.663367271	7.194410324e-5
4.693220139	0.000111214
4.723073006	7.194410324e-5
4.752926350	7.194410324e-5
4.782779217	7.194410324e-5
4.812632084	7.194410324e-5
4.842485428	7.194410324e-5
4.872337818	7.194410324e-5
4.902190685	0.000111214
4.932043552	0.000111214
4.961896896	0.000111214
4.991749763	0.000111214
5.021602631	7.194410324e-5
5.051455498	7.194410324e-5
5.081308365	0.000111214
5.111161232	0.000150484
5.141014099	7.194410324e-5
5.170866966	0.000150484
5.200720310	0.000111214
5.230573177	0.000189754
5.260426044	0.000229025
5.290278435	0.000150484
5.320131779	3.267397165e-5
5.349984646	3.267397165e-5
5.379837513	0.000111214
5.409690380	0.000150484
5.439543724	7.194410324e-5
5.469396591	7.194410324e-5
5.499248981	0.000111214
5.529102325	0.000111214
5.558955193	0.000111214
5.588808060	3.267397165e-5
5.618660927	7.194410324e-5
5.648513794	3.267397165e-5
5.678367138	7.194410324e-5
5.708219528	3.267397165e-5
5.738072395	7.194410324e-5
5.767925739	7.194410324e-5
5.797778606	0.000111214
5.827631474	0.000346835
5.857484341	0.000346835
5.887337685	0.000346835
5.917190075	0.000346835
5.947042942	0.000346835
5.976895809	0.000346835
6.006749153	0.000346835
6.036602020	0.000346835
6.066454887	0.000346835
6.096307755	0.000346835
6.126160622	0.000346835
6.156013489	0.000346835
6.170939922	3.267397165e-5
6.170939922	3.267397165e-5
6.185866356	0.000346835
6.200792789	3.267397165e-5
6.200792789	3.267397165e-5
6.215719223	0.000346835
6.230646133	3.267397165e-5
6.230646133	3.267397165e-5
6.245572567	0.000346835
6.260499001	0.000150484
6.260499001	0.000150484
6.275425434	0.000111214
6.290351868	7.194410324e-5
6.290351868	7.194410324e-5
6.305278301	7.194410324e-5
6.320204258	7.194410324e-5
6.320204258	7.194410324e-5
6.335130692	7.194410324e-5
6.350057602	7.194410324e-5
6.350057602	7.194410324e-5
6.364984035	0.000111214
6.379910469	0.000111214
6.379910469	0.000111214
6.394836903	0.000111214
6.409763336	0.000111214
6.409763336	0.000111214
6.424689770	0.000111214
6.439616203	0.000111214
6.439616203	0.000111214
6.454543114	0.000111214
6.469469547	7.194410324e-5
6.469469547	7.194410324e-5
6.484395981	7.194410324e-5
6.499322414	7.194410324e-5
6.499322414	7.194410324e-5
6.514248848	3.267397165e-5
6.529174805	3.267397165e-5
6.529174805	3.267397165e-5
6.544101238	7.194410324e-5
6.559027672	7.194410324e-5
6.559027672	7.194410324e-5
6.573954582	7.194410324e-5
6.588881016	7.194410324e-5
6.588881016	7.194410324e-5
6.603807449	7.194410324e-5
6.618733883	7.194410324e-5
6.618733883	7.194410324e-5
6.633660316	7.194410324e-5
6.648586750	3.267397165e-5
6.648586750	3.267397165e-5
6.663513184	7.194410324e-5
6.678439617	0.000111214
6.678439617	0.000111214
6.693366528	0.000111214
6.708292961	0.000111214
6.708292961	0.000111214
6.723219395	0.000111214
6.738145351	0.000111214
6.738145351	0.000111214
6.753071785	0.000111214
6.767998219	7.194410324e-5
6.767998219	7.194410324e-5
6.782924652	0.000111214
6.797851562	0.000189754
6.797851562	0.000189754
6.812777996	0.000150484
6.827704430	7.194410324e-5
6.827704430	7.194410324e-5
6.842630863	7.194410324e-5
6.857557297	0.000111214
6.857557297	0.000111214
6.872483730	0.000189754
6.887410164	0.000150484
6.887410164	0.000150484
6.902336597	7.194410324e-5
6.917263031	0.000150484
6.917263031	0.000150484
6.947115898	0.000346835
6.947115898	0.000346835
6.976968765	0.000425375
6.976968765	0.000425375
7.006821632	0.000346835
7.006821632	0.000346835
7.036674976	0.000346835
7.036674976	0.000346835
7.066527843	0.000425375
7.066527843	0.000425375
7.096380711	0.000425375
7.096380711	0.000425375
7.126233578	0.000425375
7.126233578	0.000425375
7.156086445	0.000425375
7.156086445	0.000425375
7.185939312	0.000346835
7.185939312	0.000346835
7.215792179	0.000346835
7.215792179	0.000346835
7.245645046	0.000346835
7.245645046	0.000346835
7.275498390	0.000346835
7.275498390	0.000346835
7.305351257	0.000268295
7.305351257	0.000268295
7.335204124	0.000111214
7.335204124	0.000111214
7.365056515	7.194410324e-5
7.365056515	7.194410324e-5
7.394909859	7.194410324e-5
7.394909859	7.194410324e-5
7.424762726	7.194410324e-5
7.424762726	7.194410324e-5
7.454615593	7.194410324e-5
7.454615593	7.194410324e-5
7.484468460	7.194410324e-5
7.484468460	7.194410324e-5
7.514321327	3.267397165e-5
7.514321327	3.267397165e-5
7.544174194	0.000111214
7.544174194	0.000111214
7.574027061	0.000111214
7.574027061	0.000111214
7.603879929	0.000111214
7.603879929	0.000111214
7.633733273	0.000111214
7.633733273	0.000111214
7.663586140	7.194410324e-5
7.663586140	7.194410324e-5
7.693439007	7.194410324e-5
7.693439007	7.194410324e-5
7.723292351	7.194410324e-5
7.723292351	7.194410324e-5
7.753145218	3.267397165e-5
7.782998085	0.000150484
7.812850952	0.000150484
7.842703819	0.000346835
7.872556210	0.000346835
7.902409077	0.000346835
7.932261944	0.000346835
7.932261944	3.267397165e-5
7.932261944	3.267397165e-5
7.962115288	0.000150484
7.962115288	0.000150484
7.962115288	0.000150484
7.991968155	7.194410324e-5
7.991968155	7.194410324e-5
7.991968155	7.194410324e-5
8.021821022	7.194410324e-5
8.021821022	7.194410324e-5
8.021821022	7.194410324e-5
8.051673889	7.194410324e-5
8.051673889	7.194410324e-5
8.051673889	7.194410324e-5
8.081526756	7.194410324e-5
8.081526756	7.194410324e-5
8.081526756	7.194410324e-5
8.111379623	0.000111214
8.111379623	0.000111214
8.111379623	0.000111214
8.141233444	0.000229025
8.141233444	0.000229025
8.141233444	0.000229025
8.171086311	0.000268295
8.171086311	0.000268295
8.171086311	0.000268295
8.200939178	0.000111214
8.200939178	0.000111214
8.200939178	0.000111214
8.230792046	7.194410324e-5
8.230792046	7.194410324e-5
8.230792046	7.194410324e-5
8.260644913	7.194410324e-5
8.260644913	7.194410324e-5
8.260644913	7.194410324e-5
8.290496826	0.000150484
8.290496826	0.000150484
8.290496826	0.000150484
8.320349693	0.000346835
8.320349693	0.000346835
8.350202560	0.000346835
8.350202560	0.000346835
8.380056381	0.000346835
8.380056381	0.000346835
8.409909248	0.000346835
8.409909248	0.000346835
8.439762115	0.000346835
8.439762115	0.000346835
8.469614983	0.000346835
8.469614983	0.000346835
8.499467850	0.000346835
8.499467850	0.000346835
8.529320717	7.194410324e-5
8.529320717	7.194410324e-5
8.559173584	7.194410324e-5
8.559173584	7.194410324e-5
8.589027405	7.194410324e-5
8.589027405	7.194410324e-5
8.618880272	7.194410324e-5
8.618880272	7.194410324e-5
8.648733139	7.194410324e-5
8.648733139	7.194410324e-5
8.678586006	7.194410324e-5
8.678586006	7.194410324e-5
8.708437920	7.194410324e-5
8.708437920	7.194410324e-5
8.738290787	0.000111214
8.738290787	0.000111214
8.768143654	0.000268295
8.768143654	0.000268295
8.797996521	0.000189754
8.797996521	0.000189754
8.827850342	0.000189754
8.827850342	0.000189754
8.857703209	0.000111214
8.887556076	0.000346835
8.917408943	0.000346835
8.947261810	0.000425375
8.977114677	0.000346835
9.006967545	0.000346835
9.036820412	0.000346835
9.066674232	0.000346835
9.096527100	0.000346835
9.126379013	0.000346835
9.156231880	0.000150484
9.186084747	7.194410324e-5
9.215937614	7.194410324e-5
9.245790482	7.194410324e-5
9.275644302	3.267397165e-5
9.305497169	0.000111214
9.335350037	0.000111214
9.365202904	7.194410324e-5
9.395055771	3.267397165e-5
9.424908638	3.267397165e-5
9.454761505	7.194410324e-5
9.484614372	7.194410324e-5
9.514467239	7.194410324e-5
9.544320107	7.194410324e-5
9.574172974	7.194410324e-5
9.604025841	0.000111214
9.633878708	0.000189754
9.663731575	0.000346835
9.693584442	0.000111214
9.723437309	7.194410324e-5
9.753291130	3.267397165e-5
9.783143997	0.000150484
9.812996864	7.194410324e-5
9.842849731	7.194410324e-5
9.872702599	7.194410324e-5
9.910018921	0.000111214
9.939871788	0.000189754
9.969724655	0.000189754
9.999577522	7.194410324e-5
10.029430389	7.194410324e-5
10.059283257	7.194410324e-5
10.089136124	7.194410324e-5
10.118988991	7.194410324e-5
10.148841858	0.000189754
10.178694725	0.000346835
10.208547592	0.000346835
10.238400459	0.000346835
10.268253326	0.000386105
10.298106194	0.000346835
10.327959061	0.000346835
10.357811928	0.000346835
10.387665749	0.000425375
10.417518616	0.000425375
10.447371483	0.000425375
10.477224350	0.000425375
10.507077217	0.000425375
10.536930084	0.000425375
10.566781998	0.000425375
10.596635818	0.000425375
10.626488686	0.000425375
10.656341553	0.000425375
10.686194420	0.000425375
10.716047287	0.000346835
10.745900154	0.000346835
10.775753021	0.000346835
10.805605888	0.000346835
10.835458755	0.000346835
10.865312576	0.000346835
10.895165443	0.000111214
10.925018311	0.000150484
10.954871178	7.194410324e-5
10.984723091	7.194410324e-5
11.014575958	7.194410324e-5
11.044428825	7.194410324e-5
11.074282646	0.000111214
11.104135513	0.000111214
11.133988380	0.000111214
11.163841248	0.000111214
11.193694115	3.267397165e-5
11.223546982	3.267397165e-5
11.253399849	0.000111214
11.283252716	0.000150484
11.313106537	7.194410324e-5
11.342959404	7.194410324e-5
11.372812271	0.000111214
11.402664185	0.000111214
11.432517052	0.000346835
11.462369919	0.000346835
11.492222786	0.000346835
11.522075653	0.000346835
11.551929474	0.000346835
11.581782341	0.000346835
11.611635208	0.000346835
11.641488075	0.000346835
11.671340942	0.000346835
11.701193810	0.000346835
11.731046677	0.000346835
11.753436089	3.267397165e-5
11.760900497	0.000346835
11.783288956	3.267397165e-5
11.790753365	0.000346835
11.813142776	0.000150484
11.820605278	0.000111214
11.842995644	0.000150484
11.850458145	0.000150484
11.872848511	0.000111214
11.880311012	7.194410324e-5
11.902701378	7.194410324e-5
11.910163879	7.194410324e-5
11.932554245	7.194410324e-5
11.940016747	0.000111214
11.962407112	0.000111214
11.969869614	0.000111214
11.992259979	0.000111214
11.999723434	0.000111214
12.022111893	0.000111214
12.029576302	0.000111214
12.051965714	7.194410324e-5
12.059429169	7.194410324e-5
12.081818581	7.194410324e-5
12.089282036	0.000111214
12.111671448	0.000346835
12.141524315	0.000346835
12.171377182	0.000346835
12.201230049	0.000346835
12.231082916	0.000346835
12.260935783	0.000346835
12.290789604	0.000346835
12.320642471	0.000346835
12.350495338	0.000346835
12.380348206	0.000346835
12.410201073	0.000150484
12.440052986	7.194410324e-5
12.469905853	7.194410324e-5
12.499759674	7.194410324e-5
12.529612541	0.000111214
12.559465408	0.000346835
12.589318275	0.000346835
12.619171143	0.000189754
12.649024010	7.194410324e-5
12.678876877	0.000189754
12.708729744	0.000111214
12.738582611	3.267397165e-5
12.768436432	0.000150484
12.798289299	0.000150484
12.828142166	0.000111214
12.857994080	0.000150484
12.887846947	0.000346835
12.917699814	0.000346835
12.947552681	0.000346835
12.977406502	0.000346835
13.007259369	0.000111214
13.037112236	0.000111214
13.066965103	0.000189754
13.096817970	0.000150484
13.126670837	0.000111214
13.156523705	0.000111214
13.186376572	0.000111214
13.216230392	0.000111214
13.246083260	0.000111214
13.275935173	0.000111214
13.305788040	0.000111214
13.335640907	0.000150484
13.365493774	0.000189754
13.395346642	0.000111214
13.425199509	0.000268295
13.455053329	0.000346835
13.484906197	0.000346835
13.514759064	0.000346835
13.544611931	0.000346835
13.574464798	0.000346835
13.604317665	0.000346835
13.634170532	0.000346835
13.664024353	0.000229025
13.664024353	0.000229025
13.693876266	0.000229025
13.693876266	0.000229025
13.723729134	0.000189754
13.753582001	0.000111214
13.783434868	0.000111214
13.813287735	0.000111214
13.843140602	7.194410324e-5
13.872993469	7.194410324e-5
13.902847290	0.000111214
13.932700157	0.000111214
13.962553024	0.000111214
13.992405891	0.000150484
14.022258759	0.000111214
14.052111626	0.000111214
14.081964493	0.000150484
14.111816406	0.000229025
14.141670227	0.000307565
14.171523094	0.000307565
14.201375961	0.000346835
14.231228828	0.000229025
14.261081696	0.000386105
14.290934563	0.000621726
14.320787430	0.000621726
14.350641251	0.000621726
14.380494118	0.000621726
14.410346985	0.000621726
14.440199852	0.000621726
14.470052719	0.000621726
14.499904633	0.000621726
14.529757500	0.000503916
14.559610367	0.000503916
14.589464188	0.000621726
14.619317055	0.000503916
14.649169922	0.000582456
14.679022789	0.000621726
14.708875656	0.000582456
14.738728523	0.000621726
14.768581390	0.000700266
14.798434258	0.000739536
14.828288078	0.000739536
14.858140945	0.000818077
14.887993813	0.000857347
14.917845726	0.000975157
14.947698593	0.001053697
14.977551460	0.001014427
15.007404327	0.001092967
15.037258148	0.001171508
15.067111015	0.001171508
15.096963882	0.001210778
15.126816750	0.001289318
15.156669617	0.001367858
15.186522484	0.001446398
15.216375351	0.001524939
15.246228218	0.001524939
15.276081085	0.001721289
15.305934906	0.001799830
15.335787773	0.001917640
15.365640640	0.002035450
15.395493507	0.001917640
15.425346375	0.002074721
15.455199242	0.002153261
15.485052109	0.002231801
15.514905930	0.002271071
15.544756889	0.002467422
15.574609756	0.002545962
15.604462624	0.002624502
15.634315491	0.002860123
15.664168358	0.003017204
15.694021225	0.003174284
15.723875046	0.003331365
15.753727913	0.003488445
15.783580780	0.003763336
15.813433647	0.004116767
15.843286514	0.004273848
15.873139381	0.004548739
15.902992249	0.004902170
15.932845116	0.005216331
15.962697983	0.005687572
15.992551804	0.005962464
16.022403717	0.006394434
16.052257538	0.006787136
16.082111359	0.007258378
16.111963272	0.007768889
16.141817093	0.008357941
16.171669006	0.008907722
16.201522827	0.009457504
16.231374741	0.010007287
16.261228561	0.010674878
16.291080475	0.011421010
16.320934296	0.012284953
16.350788116	0.013109626
16.380638123	0.014091379
16.410491943	0.015151673
16.440343857	0.016251236
16.470197678	0.017350800
16.500049591	0.018646713
16.529903412	0.020021169
16.559757233	0.021356354
16.589609146	0.022887887
16.619462967	0.024380155
16.649314880	0.025950959
16.679168701	0.027443223
16.709020615	0.029131839
16.738874435	0.030898994
16.768726349	0.032862499
16.798580170	0.034983087
16.828433990	0.037260756
16.858285904	0.039695501
16.888139725	0.042090982
16.917991638	0.044525728
16.947845459	0.047078285
16.977697372	0.049866464
17.007551193	0.052654646
17.037405014	0.055599902
17.067256927	0.058388084
17.097110748	0.061058447
17.126962662	0.063611008
17.156816483	0.065927945
17.186668396	0.068284154
17.216520309	0.070601098
17.246374130	0.072603866
17.276226044	0.074410297
17.306079865	0.076020367
17.335931778	0.077355556
17.365785599	0.078337312
17.395637512	0.079004899
17.425491333	0.079554684
17.470272064	0.079829574
17.500123978	0.079672493
17.529977798	0.079358324
17.559829712	0.078690737
17.589683533	0.077826791
17.619535446	0.076962851
17.649387360	0.075706206
17.679241180	0.074292488
17.709093094	0.072682410
17.738946915	0.071150877
17.768798828	0.069305174
17.798652649	0.067498751
17.828506470	0.065731600
17.858358383	0.064160787
17.888212204	0.062354367
17.918064117	0.060705021
17.947917938	0.059134215
17.977769852	0.057524141
18.007623672	0.056031875
18.037475586	0.054500341
18.067329407	0.053243697
18.097183228	0.052026324
18.127035141	0.050691135
18.156888962	0.049395226
18.186740875	0.048099313
18.216594696	0.046724852
18.246446609	0.045428943
18.276300430	0.044133026
18.306154251	0.043072734
18.336006165	0.041816089
18.365859985	0.040637985
18.395711899	0.039499152
18.425565720	0.038438857
18.455415726	0.037378564
18.485269547	0.036436081
18.515123367	0.035532869
18.544975281	0.034747466
18.574829102	0.033922795
18.604681015	0.033098120
18.634534836	0.032194909
18.664386749	0.031291693
18.694240570	0.030427754
18.724094391	0.029603081
18.753946304	0.028660597
18.783800125	0.027914464
18.813652039	0.027050523
18.843505859	0.026265118
18.873357773	0.025518989
18.903211594	0.024812127
18.933063507	0.024105262
18.962917328	0.023359129
18.992771149	0.022612996
19.022623062	0.022023946
19.052476883	0.021160003
19.082328796	0.020610221
19.112182617	0.020021169
19.142034531	0.019471388
19.171888351	0.018843066
19.201740265	0.018293282
19.231594086	0.017822040
19.261445999	0.017272260
19.291297913	0.016801018
19.321151733	0.016408319
19.351003647	0.015976347
19.380857468	0.015544374
19.410709381	0.015190943
19.440563202	0.014798242
19.470417023	0.014327000
19.500268936	0.014052110
19.530122757	0.013659407
19.559974670	0.013305977
19.589828491	0.013148896
19.619680405	0.012991817
19.649534225	0.012874005
19.679388046	0.012834736
19.709239960	0.012677655
19.739093781	0.012638385
19.768945694	0.012638385
19.798799515	0.012638385
19.828651428	0.012913276
19.858505249	0.012991817
19.888359070	0.013227438
19.918210983	0.013502327
19.948064804	0.013895030
19.977916718	0.014366271
20.007770538	0.014916052
20.037622452	0.015583645
20.067476273	0.016369047
20.097328186	0.017154450
20.127180099	0.018175473
20.157033920	0.019157227
20.186885834	0.020256788
20.216739655	0.021552706
20.246591568	0.022966430
20.276445389	0.024615774
20.306297302	0.026461469
20.336151123	0.028385704
20.366004944	0.030624103
20.395856857	0.032744691
20.425710678	0.035140168
20.455562592	0.037889078
20.485416412	0.040873609
20.515268326	0.043975942
20.545122147	0.047353175
20.574974060	0.050966028
20.604827881	0.054500341
20.634681702	0.057838306
20.664533615	0.061686773
20.694387436	0.065574519
20.724239349	0.069501534
20.754093170	0.073075108
20.783945084	0.076373801
20.813798904	0.079279795
20.843652725	0.081675269
20.873504639	0.083403155
20.903358459	0.084856153
20.933208466	0.085916445
20.963062286	0.086230598
20.992914200	0.085680827
21.022768021	0.084934689
21.052621841	0.083481692
21.082473755	0.081518188
21.112327576	0.079201251
21.142179489	0.076373801
21.172033310	0.073075108
21.201885223	0.069619343
21.231739044	0.065967217
21.261592865	0.062275823
21.291444778	0.058584433
21.321298599	0.055207204
21.351150513	0.051829971
21.381004333	0.048531279
21.410856247	0.045389671
21.440710068	0.042680033
21.470561981	0.040206011
21.500415802	0.038360320
21.530269623	0.036593162
21.560121536	0.035140168
21.589975357	0.034079876
21.619827271	0.032980312
21.649681091	0.032077100
21.679533005	0.031291693
21.709386826	0.030467024
21.739238739	0.029799432
21.769090652	0.028935488
21.798944473	0.028189356
21.828796387	0.027364682
21.858650208	0.026618551
21.888502121	0.026029497
21.918355942	0.025597526
21.948207855	0.025165554
21.978061676	0.024851393
22.007915497	0.024733583
22.037767410	0.024655044
22.067621231	0.024655044
22.097473145	0.024694314
22.127326965	0.024772856
22.157178879	0.024655044
22.187032700	0.024576504
22.216886520	0.024144534
22.246738434	0.023594750
22.276592255	0.023044968
22.306444168	0.022534458
22.336297989	0.021866867
22.366149902	0.021238541
22.396003723	0.020531680
22.425857544	0.019864090
22.455709457	0.019157227
22.485563278	0.018528903
22.515415192	0.018175473
22.545269012	0.017743502
22.575119019	0.017429341
22.604972839	0.017115179
22.634826660	0.016761748
22.664678574	0.016290506
22.694532394	0.015740726
22.724384308	0.015190943
22.754238129	0.014484080
22.784090042	0.013737948
22.813943863	0.013188167
22.843795776	0.012716925
22.873649597	0.012284953
22.903503418	0.011931523
22.933355331	0.011735172
22.963209152	0.011656631
22.993061066	0.011499551
23.022914886	0.011303201
23.052766800	0.010910499
23.082620621	0.010399988
23.112472534	0.009889476
23.142326355	0.009261155
23.172180176	0.008750643
23.202032089	0.008318671
23.231885910	0.007886699
23.261737823	0.007493998
23.291591644	0.006983487
23.321443558	0.006512245
23.351297379	0.006041003
23.381151199	0.005451952
23.411001205	0.004862900
23.440855026	0.004273848
23.470706940	0.003724066
23.500560760	0.003135014
23.530412674	0.002545962
23.560266495	0.002113991
23.590120316	0.001682019
23.619972229	0.001250048
23.649826050	0.000857347
23.679677963	0.000660996
23.709531784	0.000150484
23.739383698	-0.000202947
23.769237518	-0.000752729
23.799091339	-0.001223970
23.828943253	-0.001655941
23.858797073	-0.002127183
23.888648987	-0.002519884
23.918502808	-0.002912586
23.948354721	-0.003344557
23.978208542	-0.003658718
24.008060455	-0.003933609
24.037914276	-0.004326310
24.067768097	-0.004601201
24.097620010	-0.004876092
24.127473831	-0.005072443
24.157325745	-0.005268794
24.187179565	-0.005308064
24.217031479	-0.005386604
24.246883392	-0.005386604
24.276737213	-0.005386604
24.306589127	-0.005543684
24.336442947	-0.005661495
24.366294861	-0.005740035
24.396148682	-0.005857845
24.426000595	-0.006014926
24.455854416	-0.006172006
24.485706329	-0.006407627
24.515560150	-0.006564707
24.545413971	-0.006721788
24.575265884	-0.006878869
24.605119705	-0.006878869
24.634971619	-0.006878869
24.664825439	-0.006878869
24.694677353	-0.006878869
24.724531174	-0.006800328
24.754384995	-0.006800328
24.784236908	-0.006682518
24.814090729	-0.006682518
24.843942642	-0.006682518
24.873796463	-0.006721788
24.903648376	-0.006878869
24.933502197	-0.007114490
24.963356018	-0.007389380
24.993207932	-0.007664271
25.023061752	-0.007821351
25.052913666	-0.007939162
25.082765579	-0.007978432
25.112617493	-0.007978432
25.142471313	-0.007978432
25.172325134	-0.007978432
25.202177048	-0.007978432
25.232030869	-0.008135512
25.261882782	-0.008214053
25.291736603	-0.008410404
25.321588516	-0.008606753
25.351442337	-0.008881645
25.381294250	-0.009156536
25.411148071	-0.009274347
25.441001892	-0.009352886
25.470853806	-0.009470697
25.500707626	-0.009549237
25.530559540	-0.009549237
25.560413361	-0.009549237
25.590265274	-0.009706317
25.620119095	-0.009863398
25.649971008	-0.009941938
25.679824829	-0.010059749
25.709678650	-0.010099019
25.739530563	-0.010334639
25.769384384	-0.010373911
25.799236298	-0.010373911
25.829090118	-0.010373911
25.858942032	-0.010491720
25.888793945	-0.010491720
25.918647766	-0.010570260
25.948499680	-0.010727341
25.978353500	-0.010766611
26.008205414	-0.010805881
26.038059235	-0.011041502
26.067911148	-0.011120043
26.097764969	-0.011159313
26.127618790	-0.011159313
26.157470703	-0.011159313
26.187324524	-0.011041502
26.217176437	-0.010962961
26.247030258	-0.010845152
26.276882172	-0.010766611
26.306735992	-0.010766611
26.336589813	-0.010766611
26.366441727	-0.010766611
26.396295547	-0.010766611
26.426147461	-0.010648800
26.456001282	-0.010648800
26.485853195	-0.010648800
26.515707016	-0.010570260
26.545558929	-0.010491720
26.575412750	-0.010570260
26.605266571	-0.010491720
26.635118484	-0.010648800
26.664972305	-0.010491720
26.694824219	-0.010452450
26.724676132	-0.010334639
26.754528046	-0.010059749
26.784381866	-0.009824128
26.814235687	-0.009549237
26.844087601	-0.009470697
26.873941422	-0.009313617
26.903793335	-0.009235076
26.933647156	-0.009235076
26.963499069	-0.009235076
26.993352890	-0.009156536
27.023204803	-0.009038725
27.053058624	-0.008920914
27.082912445	-0.008606753
27.112764359	-0.008410404
27.142618179	-0.008096242
27.172470093	-0.007899893
27.202323914	-0.007860621
27.232175827	-0.007782082
27.262029648	-0.007742811
27.291883469	-0.007742811
27.321735382	-0.007742811
27.351589203	-0.007742811
27.381441116	-0.007742811
27.411294937	-0.007585730
27.441146851	-0.007428650
27.471000671	-0.007350110
27.500854492	-0.007271570
27.530706406	-0.007193029
27.560558319	-0.007193029
27.590410233	-0.007114490
27.620264053	-0.007193029
27.650115967	-0.007193029
27.679969788	-0.007350110
27.709823608	-0.007428650
27.739675522	-0.007585730
27.769529343	-0.007742811
27.799381256	-0.007821351
27.829235077	-0.007860621
27.859086990	-0.007860621
27.888940811	-0.007860621
27.918792725	-0.007899893
27.948646545	-0.008096242
27.978500366	-0.008292593
28.008352280	-0.008567484
28.038206100	-0.008763835
28.068058014	-0.008999456
28.097911835	-0.009195806
28.127763748	-0.009313617
28.157617569	-0.009352886
28.187469482	-0.009313617
28.217323303	-0.009235076
28.247177124	-0.009156536
28.277029037	-0.009156536
28.306882858	-0.008999456
28.336734772	-0.008999456
28.366588593	-0.009156536
28.396438599	-0.009235076
28.426292419	-0.009313617
28.456146240	-0.009352886
28.485998154	-0.009235076
28.515851974	-0.009235076
28.545703888	-0.009077996
28.575557709	-0.008920914
28.605409622	-0.008881645
28.635263443	-0.008685295
28.665117264	-0.008685295
28.694969177	-0.008646024
28.724822998	-0.008606753
28.754674911	-0.008488944
28.784528732	-0.008292593
28.814380646	-0.008253323
28.844234467	-0.007978432
28.874088287	-0.007899893
28.903940201	-0.007782082
28.933794022	-0.007742811
28.963645935	-0.007546460
28.993499756	-0.007546460
29.023351669	-0.007507191
29.053205490	-0.007350110
29.083057404	-0.007350110
29.112911224	-0.007193029
29.142765045	-0.007075219
29.172616959	-0.006957409
29.202468872	-0.006800328
29.232320786	-0.006800328
29.262174606	-0.006800328
29.292026520	-0.006800328
29.321880341	-0.006839598
29.351734161	-0.006878869
29.381586075	-0.007075219
29.411439896	-0.006878869
29.441291809	-0.006878869
29.471145630	-0.006878869
29.500997543	-0.006878869
29.530851364	-0.006878869
29.560703278	-0.006800328
29.590557098	-0.006800328
29.620410919	-0.006839598
29.650262833	-0.006878869
29.680116653	-0.007035949
29.709968567	-0.007114490
29.739822388	-0.007193029
29.769674301	-0.007193029
29.799528122	-0.007271570
29.829381943	-0.007350110
29.859233856	-0.007350110
29.889087677	-0.007350110
29.918939590	-0.007350110
29.948793411	-0.007428650
29.978645325	-0.007428650
